      ID                     RA                           DEC                          period(a)                     period(b)                    error
                             (deg)                        (deg)                        (day)                         (day)                        (%)
双星：
TIC356920361                 273.67082                    56.58824                     2.0473102                     1.02387                      99.958                        
TIC198457457                 261.8344                     56.37498                     0.4034674                     0.40346                      0.0018                        
TIC8677671                   137.45251                    30.42689                     1.1159648                     1.1159843                    -0.0017                       
TIC353854078                 271.14117                    58.39842                     5.1677964                     5.16952                      -0.0333                       
TIC229687624                 262.98853                    57.17843                     0.617601                      0.617617                     -0.0026                       
TIC270491862                 232.34237                    67.21204                     0.4487958                     0.4487956                    0.0                           
TIC302668828                 163.25439                    57.70222                     5.5049556                     5.50762                      -0.0484                       
TIC229585356                 271.37975                    72.07428                     1.419345                      1.41958                      -0.0166                       
TIC198313291                 233.68839                    62.27898                     0.30672                       0.306718                     0.0007                        
TIC147625755                 184.15231                    64.85759                     0.6758276                     0.6758375                    -0.0015                       
TIC157273321                 198.72686                    59.29567                     5.5293624                     5.52                         0.1696                        
TIC233635280                 146.04742                    25.35318                     1.373756                      1.3741845                    -0.0312                       
TIC406781370                 170.52351                    46.72598                     0.8966822                     0.896686                     -0.0004                       
TIC282925798                 226.959                      63.1171                      2.4447276                     2.44405                      0.0277                        
TIC445836238                 187.54864                    63.88903                     1.9998682                     2.00072                      -0.0426                       
TIC147610499                 148.61924                    69.22285                     0.5288534                     0.52885234                   0.0002                        
TIC389916225                 275.77255                    58.90356                     0.5508842                     0.5508738                    0.0019                        
TIC82224114                  150.93445                    28.23239                     0.3761242                     0.376128                     -0.001                        
TIC202442615                 227.95983                    61.85702                     0.3500824                     0.3500671                    0.0044                        
TIC138578906                 175.75946                    60.57686                     1.2349148                     1.23472                      0.0158                        
TIC257023157                 225.24886                    73.0532                      0.4155538                     0.415546                     0.0019                        
TIC103656297                 152.67788                    67.65881                     0.2877874                     0.2877891                    -0.0006                       
TIC445829772                 173.08732                    49.73602                     0.4103942                     0.4103887                    0.0013                        
TIC198407749                 258.73664                    58.85789                     0.838275                      0.83803                      0.0292                        
TIC335661706                 217.18115                    81.7539                      0.3857244                     0.3971                       -2.8647                       
TIC55778901                  182.26042                    56.03165                     0.354557                      0.354538609                  0.0052                        
TIC453431591                 147.30269                    52.10079                     1.0098308                     1.009849                     -0.0018                       
TIC160425283                 235.90273                    75.26141                     0.2653764                     0.265359                     0.0066                        
TIC406758816                 161.33543                    45.56631                     3.0664256                     3.063295                     0.1022                        
TIC270491267                 232.35974                    70.19841                     0.3992898                     0.3992862                    0.0009                        
TIC160228595                 181.71258                    77.31581                     2.0914062                     2.09223                      -0.0394                       
TIC287085893                 253.30976                    70.26658                     0.9344469                     0.93511                      -0.0709                       
TIC310994603                 203.71012                    65.25504                     1.1611702                     0.58062                      99.988                        
TIC257002707                 223.93251                    76.30658                     0.377086                      0.3773                       -0.0567                       
TIC298666271                 278.3515                     58.70649                     0.597422                      0.597419                     0.0005                        
TIC318217844                 142.85269                    49.46789                     1.2221696                     1.2223042                    -0.011                        
TIC148917425                 188.37059                    69.78823                     1.1017012                     0.0                          0                             
TIC8769657                   140.36812                    33.43296                     0.4264674                     0.42647                      -0.0006                       
TIC154067797                 207.48432                    66.47445                     0.2365364                     0.23659                      -0.0227                       
TIC287095354                 137.48306                    54.48826                     0.478961                      0.478994587                  -0.007                        
TIC459789367                 144.528                      56.01869                     0.6874052                     0.6873801                    0.0037                        
TIC232971368                 199.40588                    71.24675                     0.459438                      0.2297                       100.0165                      
TIC236872887                 302.91399                    63.52741                     5.0503303                     5.1                          -0.9739                       
TIC202426247                 226.45793                    64.04721                     4.4075743                     0.0                          0                             
TIC329289186                 269.18834                    52.86568                     0.552543                      0.0                          0                             
TIC198280388                 250.27438                    60.60621                     0.488407                      0.488412                     -0.001                        
TIC224605072                 255.59917                    58.86998                     0.6648632                     0.6648647                    -0.0002                       
TIC236973844                 304.90303                    62.25744                     5.292484                      5.298036                     -0.1048                       
TIC198242678                 249.76658                    60.69966                     4.6284718                     4.6296238                    -0.0249                       
TIC224607716                 255.8918                     57.49978                     0.510745                      0.51081                      -0.0127                       
TIC237277760                 299.11988                    73.61598                     3.3640296                     3.364012                     0.0005                        
TIC155894704                 176.37171                    72.24954                     1.357503                      1.357456                     0.0035                        
TIC88646716                  135.85053                    38.0985                      0.4149746                     0.41498088                   -0.0015                       
TIC233532554                 280.44751                    62.67637                     2.833328                      2.8313215                    0.0709                        
TIC198388252                 258.19534                    57.05289                     0.3951602                     0.395155                     0.0013                        
TIC229585542                 271.52716                    72.58495                     0.5103774                     0.5103685                    0.0017                        
TIC229461186                 295.10263                    60.92027                     0.4026596                     0.402674                     -0.0036                       
TIC233208885                 266.35189                    69.30608                     0.4937288                     0.4937                       0.0058                        
TIC150225473                 143.06179                    49.84853                     0.4183528                     0.41838                      -0.0065                       
TIC202295392                 175.19314                    51.99817                     7.33516                       7.328238                     0.0945                        
TIC142587827                 167.8704                     73.11528                     0.4394054                     0.439403                     0.0005                        
TIC142783746                 153.9027                     76.69839                     6.1469636                     6.1513                       -0.0705                       
TIC21499609                  148.94027                    37.1951                      8.533354                      8.477985                     0.6531                        
TIC159346490                 236.23571                    79.51714                     0.5823551                     0.58253                      -0.03                         
TIC329246824                 263.88467                    57.80252                     0.5876946                     0.58772                      -0.0043                       
TIC458481461                 233.46275                    63.90714                     2.806658                      2.806847                     -0.0067                       
TIC233720276                 276.35774                    62.94039                     2.1982272                     1.09920594                   99.9832                       
TIC353939279                 272.31513                    58.0174                      4.5322426                     2.2632438                    100.2543                      
TIC219750638                 261.11228                    64.20664                     0.4075022                     0.407497                     0.0013                        
TIC272781956                 238.2403                     68.72499                     1.6508076                     1.65042                      0.0235                        
TIC160492551                 239.46073                    77.7936                      0.6074376                     0.60751                      -0.0119                       
TIC153991851                 204.73673                    69.8031                      0.5249208                     0.52492618                   -0.001                        
TIC55753802                  181.58247                    57.17644                     0.4155678                     0.415547                     0.005                         
TIC154511165                 187.10291                    74.23539                     0.840363                      0.840374                     -0.0013                       
TIC329248002                 263.81786                    55.00339                     3.1099968                     3.10886                      0.0366                        
TIC202442974                 227.9351                     63.62198                     2.7389706                     5.47798                      -50.0004                      
TIC198416591                 260.0912                     57.97418                     0.3387282                     0.338736                     -0.0023                       
TIC8245065                   157.36156                    39.76899                     0.3279771                     0.164007                     99.9775                       
TIC330753460                 144.13069                    28.3398                      0.3794896                     0.379496                     -0.0017                       
TIC359675849                 280.70606                    57.86521                     3.6239074                     3.63                         -0.1678                       
TIC233207585                 266.00139                    70.25884                     0.3080833                     0.308014                     0.0225                        
TIC148963419                 190.06125                    66.28599                     0.5681576                     0.5681644                    -0.0012                       
TIC232524483                 193.47547                    77.20369                     0.3729876                     0.375                        -0.5366                       
TIC356896550                 273.11986                    54.78137                     1.9002516                     0.95066                      99.8876                       
TIC272759659                 237.67117                    66.42867                     2.4639828                     2.4605                       0.1415                        
TIC53479497                  162.07503                    52.30828                     0.2711217                     0.2712788                    -0.0579                       
TIC377253090                 286.19229                    58.95129                     0.4245318                     0.42454                      -0.0019                       
TIC365936982                 180.18283                    77.0834                      5.22309666                    5.2218                       0.0248                        
TIC353894978                 271.68597                    56.40706                     3.3463464                     3.34181534                   0.1356                        
TIC147576476                 144.5432                     70.63218                     2.2197784                     2.21954                      0.0107                        
TIC198408416                 258.9133                     58.8645                      0.7290656                     0.364737                     99.888                        
TIC229793060                 284.71928                    69.53129                     1.1230083                     1.1232524                    -0.0217                       
TIC160472514                 237.70597                    72.21129                     6.17311                       6.16862258                   0.0727                        
TIC302581695                 133.48201                    35.5383                      2.030403                      1.01533                      99.9747                       
TIC377307592                 286.9861                     59.3978                      1.1928568                     1.1928372                    0.0016                        
TIC446127290                 145.93946                    55.95252                     0.333628                      0.33363749                   -0.0028                       
TIC138505004                 157.51331                    61.81151                     2.298883                      2.29926                      -0.0164                       
TIC219859691                 257.8194                     69.50303                     0.445772                      0.44575549                   0.0037                        
TIC199688409                 253.05145                    57.72547                     0.868252                      0.86829                      -0.0044                       
TIC298734307                 278.60958                    57.80182                     0.944254                      0.944276                     -0.0023                       
TIC155657581                 206.39529                    79.39675                     0.368145                      0.3681414                    0.001                         
TIC148622555                 154.16668                    59.37911                     0.6374002                     0.3187                       100.0001                      
TIC67949277                  142.65964                    44.76941                     1.7855964                     1.7854                       0.011                         
TIC390021728                 277.79337                    56.41748                     0.302027                      0.302035                     -0.0026                       
TIC424461577                 279.73427                    60.39818                     0.7448146                     0.744805                     0.0013                        
TIC356150515                 266.48085                    52.63458                     0.612157                      0.6121                       0.0093                        
TIC356896561                 273.17061                    54.76858                     2.2532898                     2.253355                     -0.0029                       
TIC232634196                 269.43852                    56.19596                     1.250999                      1.25118702                   -0.015                        
TIC441734144                 258.55816                    76.70397                     0.3254092                     0.3254                       0.0028                        
TIC259126645                 291.47939                    68.93532                     3.262784                      3.2613024                    0.0454                        
TIC219109908                 271.37664                    69.7543                      0.42401                       0.424031                     -0.005                        
TIC392536812                 280.46744                    58.05647                     0.5909958                     0.4561                       29.5759                       
TIC142791832                 162.25812                    67.21453                     6.5457358                     6.541975                     0.0575                        
TIC258351350                 296.51058                    69.91917                     0.7729156                     0.772943                     -0.0035                       
TIC258773798                 286.1779                     66.30199                     0.3364646                     0.3364708                    -0.0018                       
TIC198354443                 256.12967                    57.07275                     0.6192313                     0.3068937                    101.7739                      
TIC372759279                 175.006                      75.15596                     1.2384626                     1.2383832                    0.0064                        
TIC377190161                 285.6751                     58.73276                     3.7873584                     3.7863886                    0.0256                        
TIC159298033                 229.48959                    83.85946                     3.45274                       1.7248                       100.1821                      
TIC126325291                 135.48105                    26.68965                     0.8294548                     0.82937122                   0.0101                        
TIC160268882                 183.04978                    77.61624                     1.271038                      1.27095                      0.0069                        
TIC359677968                 280.94017                    57.94815                     0.6174772                     0.61747                      0.0012                        
TIC288391801                 267.2353                     78.12286                     0.390588                      0.390585                     0.0008                        
TIC219738202                 241.57236                    62.7628                      0.579033                      0.57902455                   0.0015                        
TIC138543573                 158.98192                    63.59234                     1.1645774                     1.164708                     -0.0112                       
TIC237278994                 299.65909                    72.23858                     0.3429634                     0.3429639                    -0.0001                       
TIC280033934                 297.58947                    70.28765                     0.2787692                     0.27878                      -0.0039                       
TIC236901679                 303.9233                     65.85361                     1.7189842                     1.7184                       0.034                         
TIC199716496                 254.39117                    59.53107                     1.04594                       1.04577                      0.0163                        
TIC358613523                 175.10289                    80.23598                     1.3284772                     1.32833335                   0.0108                        
TIC188512866                 143.8438                     39.96327                     1.6807382                     1.68154                      -0.0477                       
行星凌星：
TIC288132261                 209.48505                    79.58319                     10.2935672                    0.0                          0                             
TIC99834717                  165.16743                    64.96398                     1.7057991                     1.706291                     -0.0288                       
TIC1201247611                242.89156                    63.14219                     0.0345198                     0.034521                     -0.0035                       
TIC252479260                 155.68164                    50.12835                     3.2171668                     3.21222                      0.154                         
TIC67666096                  148.64328                    40.38805                     2.7064153                     2.70339                      0.1119                        
TIC198537349                 237.12449                    62.34435                     9.5736518                     0.0                          0                             
TIC236887394                 303.38174                    65.16208                     1.4222673                     1.420033                     0.1573                        
TIC8767448                   140.10298                    33.88242                     4.351628                      4.35298                      -0.0311                       
脉动变星：
TIC3941985                   151.93109                    23.99176                     0.452391                      0.4524021                    -0.0025                       
TIC154066690                 207.15555                    71.43062                     0.4848395                     0.48452                      0.0659                        
TIC105440997                 143.52628                    44.03645                     1.9736961                     1.9444                       1.5067                        
TIC103687873                 153.93371                    68.90905                     1.0137936                     0.50279                      101.6336                      
TIC232633119                 269.39228                    58.7373                      3.2513585                     3.2408                       0.3258                        
TIC29172363                  135.81148                    42.12356                     1.4923459                     1.488027                     0.2902                        
TIC258799679                 286.60967                    68.48377                     0.1181530                     0.1181533                    -0.0003                       
TIC308016265                 150.00713                    24.55281                     1.0684919                     1.07172                      -0.3012                       
TIC229480487                 295.52485                    65.7805                      1.2932105                     1.2792                       1.0953                        
TIC441804674                 266.04548                    72.05078                     4.2665477                     4.2658                       0.0175                        
TIC357032546                 274.06989                    54.17267                     0.4587271                     0.4587                       0.0059                        
TIC137803552                 177.17527                    54.71876                     0.091342                      0.09134218                   -0.0002                       
TIC232634683                 269.49555                    55.10218                     0.6362065                     0.6374                       -0.1872                       
TIC236778955                 282.88979                    57.75762                     1.0223318                     1.0238                       -0.1434                       
TIC229913521                 287.42753                    64.85893                     0.4762934                     0.476497                     -0.0427                       
TIC142619583                 171.10562                    77.70434                     0.0558110                     0.05581096                   0.0001                        
TIC156198986                 180.82226                    80.56187                     0.0863430                     0.086343043                  -0.0                          
TIC280163882                 298.67505                    68.9893                      1.1255827                     1.12456                      0.0909                        
TIC103687176                 153.93156                    66.07866                     0.5970143                     0.5974                       -0.0646                       
TIC288312840                 262.66386                    78.93121                     0.759107                      0.75895                      0.0207                        
TIC142848794                 174.48586                    67.32974                     0.6604324                     0.66042001                   0.0019                        
TIC86339506                  143.44394                    62.82785                     3.2571349                     0.0                          0                             
TIC357132618                 144.22148                    44.06678                     0.0860161                     0.086017069                  -0.0011                       
TIC150276417                 161.04699                    44.67893                     0.203194                      0.20319389                   0.0001                        
TIC29172806                  135.78244                    44.58559                     0.5974505                     0.597434355                  0.0027                        
TIC142962481                 181.14055                    66.33659                     2.9747252                     0.0                          0                             
TIC230086683                 246.7843                     66.4374                      0.9387765                     0.9449                       -0.6481                       
TIC356822358                 275.18909                    71.33777                     1.7156891                     1.71646                      -0.0449                       
TIC147949646                 167.41578                    67.21021                     3.5174837                     3.51556                      0.0547                        
TIC302602874                 133.84253                    32.71008                     3.0971563                     0.0050692                    0                    
TIC56914404                  139.57158                    46.15314                     0.0958691                     0.09586954                   -0.0005                       
