 ID                  RA_OBJ         DEC_OBJ        Teff           logg       
                     (deg)          (deg)          (k)            (cm/s2) 
 TIC 256368884       180.822255     80.561869      7476.0         3.89243007     
 TIC 219016721       183.305279     63.844252      5531.0         4.54134989     
 TIC 256327585       259.920385     62.619241      11572.0        4.34935999     
 TIC 147993277       269.043569     56.948841      3352.0         4.76159        
 TIC 137881699       247.234981     67.818155      3207.0         5.01043987     
 TIC 349827430       131.522674     38.230996      3252.0         4.99490023     
 TIC 332064670       139.829302     38.523151      3141.0         5.00665998     
 TIC 288735205       149.828307     43.840392      3303.0         4.87525988     
 TIC 67666096        145.540949     33.768799      4497.0         4.62708998     
 TIC 229975095       157.689609     57.95691       5189.02001953  4.54009008     
 TIC 99834717        146.22056      28.708503      8232.0         4.13001013     
 TIC 307907420       212.360463     69.590443      10181.0        4.07126999     
 TIC 441739020       238.295269     62.595799      3092.0         4.91790009     
 TIC 202490797       139.78484      56.353584      3464.0         4.9411602      
 TIC 252479260       152.46685      29.087934      4249.62988281  None           
 TIC 232967440       262.980563     58.33815       3144.0         5.04040003     
 TIC 287151976       289.24541      68.335044      7083.0         3.81605005     
 TIC 237200747       207.937944     67.519446      3416.0         4.80042982     
 TIC 9376051         151.089429     50.387052      3517.0         4.71783018     
 TIC 420114772       151.931085     23.991756      6593.0         3.27701998     
 TIC 219096494       157.727693     65.945457      3323.0         4.87053013     
 TIC 8767448         249.969218     79.784266      3851.0         4.60672998     
 TIC 467181063       138.547719     29.040543      6277.81982422  4.54590988     
 TIC 263635510       259.44034      64.527729      3356.0         4.86922979     
 TIC 357133493       271.627432     78.386251      3132.0         5.00263023     
 TIC 256512446       140.260496     49.098317      7683.12011719  3.86611009     
 TIC 230088370       192.184889     64.855319      5767.0         4.47046995     
 TIC 4971740         159.339487     50.551182      7023.0         4.11562014     
 TIC 269701147       235.559742     65.553413      3311.0         4.83023024     
 TIC 87952426        184.495607     66.113481      6842.0         3.99245        
 TIC 67646988        145.138764     38.418067      3056.0         5.11207008     
 TIC 236887394       296.509036     67.737997      7375.0         3.75213003     
 TIC 318357083       248.831896     62.582432      3154.0         4.99316978     
 TIC 233120979       136.55801      28.955201      6471.16015625  4.30944014     
 TIC 142394656       176.810407     61.258831      29580.0        5.4359498      
 TIC 269696438       135.994987     40.377546      3073.0         5.0188899      
 TIC 147950620       269.392283     58.737302      4656.04003906  4.41831017     
 TIC 16805628        141.211686     30.693605      3378.0         4.80772018     

