 ID                  RA_OBJ         DEC_OBJ        Teff           logg       
                     (deg)          (deg)          (k)            (cm/s2) 
 TIC 156198986       180.822255     80.561869      7476.0         3.89243007     
 TIC 229549395       183.305279     63.844252      5531.0         4.54134989     
 TIC 233659263       259.920385     62.619241      11572.0        4.34935999     
 TIC 232628654       269.043569     56.948841      3352.0         4.76159        
 TIC 230089225       247.234981     67.818155      3207.0         5.01043987     
 TIC 67596851        131.522674     38.230996      3252.0         4.99490023     
 TIC 355175840       139.829302     38.523151      3141.0         5.00665998     
 TIC 157835109       149.828307     43.840392      3303.0         4.87525988     
 TIC 289714634       145.540949     33.768799      4497.0         4.62708998     
 TIC 416520176       157.689609     57.95691       5189.02001953  4.54009008     
 TIC 285009028       146.22056      28.708503      8232.0         4.13001013     
 TIC 154126070       212.360463     69.590443      10181.0        4.07126999     
 TIC 198557860       238.295269     62.595799      3092.0         4.91790009     
 TIC 137672877       139.78484      56.353584      3464.0         4.9411602      
 TIC 308054070       152.46685      29.087934      4249.62988281  None           
 TIC 229687980       262.980563     58.33815       3144.0         5.04040003     
 TIC 258956843       289.24541      68.335044      7083.0         3.81605005     
 TIC 154069906       207.937944     67.519446      3416.0         4.80042982     
 TIC 88723334        151.089429     50.387052      3517.0         4.71783018     
 TIC 3941985         151.931085     23.991756      6593.0         3.27701998     
 TIC 138505829       157.727693     65.945457      3323.0         4.87053013     
 TIC 367737788       249.969218     79.784266      3851.0         4.60672998     
 TIC 149344460       138.547719     29.040543      6277.81982422  4.54590988     
 TIC 232616666       259.44034      64.527729      3356.0         4.86922979     
 TIC 288471156       271.627432     78.386251      3132.0         5.00263023     
 TIC 251090955       140.260496     49.098317      7683.12011719  3.86611009     
 TIC 142276270       192.184889     64.855319      5767.0         4.47046995     
 TIC 311577797       159.339487     50.551182      7023.0         4.11562014     
 TIC 334637029       235.559742     65.553413      3311.0         4.83023024     
 TIC 148893514       184.495607     66.113481      6842.0         3.99245        
 TIC 17191554        145.138764     38.418067      3056.0         5.11207008     
 TIC 258352700       296.509036     67.737997      7375.0         3.75213003     
 TIC 198236067       248.831896     62.582432      3154.0         4.99316978     
 TIC 138666445       136.55801      28.955201      6471.16015625  4.30944014     
 TIC 138618727       176.810407     61.258831      29580.0        5.4359498      
 TIC 88647937        135.994987     40.377546      3073.0         5.0188899      
 TIC 232633119       269.392283     58.737302      4656.04003906  4.41831017     
 TIC 307913606       141.211686     30.693605      3378.0         4.80772018     
 TIC 188504653       134.12715      40.201474      6843.0         3.64515996     
 TIC 287224673       143.961352     48.491602      6523.20019531  3.7032299      
 TIC 229436791       293.265025     62.243027      5845.0         None           
 TIC 154563894       189.15846      73.298508      5903.0         4.48499012     
 TIC 230120143       250.08584      67.601335      2868.0         5.06697989     
 TIC 26973853        150.164613     23.555984      8821.0         4.3001399      
 TIC 148654862       157.884828     50.738074      3237.0         4.82755995     
 TIC 165530589       266.450058     58.888618      3159.0         4.96417999     
 TIC 229472460       295.19739      63.825158      6367.0         None           
 TIC 310782996       156.849786     61.720436      3379.0         4.85170984     
 TIC 357595904       270.096187     57.418029      6945.0         4.25845003     
 TIC 142940412       179.457528     66.562231      3090.0         5.06499004     
 TIC 450325956       159.716666     36.582257      5176.64990234  4.69796991     
 TIC 257061830       227.292279     76.974465      3277.0         4.92601013     
 TIC 224601129       255.134652     59.38859       3353.0         4.85290003     
 TIC 237097549       239.727692     66.054998      7225.0         3.94837999     
 TIC 67949480        142.663018     46.067819      6163.39990234  None           
 TIC 288383445       266.053697     80.943089      6900.0         4.13072014     
 TIC 154998384       142.302929     26.531631      5082.0         4.52415991     
 TIC 357132618       144.221481     44.066778      7576.10009766  4.01543999     
 TIC 8916237         152.305908     33.340046      6034.89013672  None           
 TIC 198178340       244.34739      62.063253      5552.0         4.27881002     
 TIC 159466193       245.429012     79.843809      3726.0         4.67692995     
 TIC 459217933       194.183511     69.526595      6800.0         4.14153004     
 TIC 105485567       144.007289     42.858453      4077.0         4.55510998     
 TIC 138579249       175.782486     62.343475      3055.0         5.0891099      
 TIC 86338257        143.220992     62.72371       6163.0         4.43452978     
 TIC 236778355       282.879137     58.716082      5493.0         4.06274986     
 TIC 88099283        148.479886     20.946333      3089.0         5.10574007     
 TIC 239200286       148.696756     21.408601      4483.0         None           
 TIC 159336052       234.23327      81.080773      4233.0         4.67763996     
 TIC 229706827       278.015501     70.043284      None           4.70541        
 TIC 232633722       269.433329     57.269705      31000.0        5.59961987     
 TIC 236757919       272.70828      70.269441      5334.0         4.48100996     
 TIC 173001595       150.455068     30.009846      4874.0         None           
 TIC 141120071       165.406361     57.490831      5395.0         4.25702        
 TIC 367681735       246.956148     72.971681      4393.0         4.5759201      
 TIC 198416255       260.113512     59.198929      8115.0         3.62280989     
 TIC 280069113       297.98669      67.283847      3295.0         4.77128983     
 TIC 357032575       274.030568     54.130032      5100.0         4.39958        
 TIC 149369278       139.211581     24.815549      3090.0         4.90006018     
 TIC 233532220       280.49705      63.27649       3411.0         4.79914999     
 TIC 154108146       211.643974     66.218863      5894.0         4.51066017     
 TIC 149438705       140.412734     26.551328      3155.0         5.06078005     
 TIC 229778044       283.022588     66.143194      7023.0         4.14217997     
 TIC 88062825        147.964457     23.188076      3342.0         4.88435984     
 TIC 149927582       161.917039     61.569301      3239.0         4.90763998     
 TIC 154106334       211.082667     70.003862      3325.0         4.91595984     
 TIC 219855010       256.768846     67.16128       3012.0         5.0644598      
 TIC 389917444       276.091613     58.569458      7101.0         4.16585016     
 TIC 233657141       259.721452     64.295905      3225.0         4.92605019     
 TIC 173004464       150.757918     34.555374      3246.0         4.92244005     
 TIC 353898013       271.899854     56.324229      3230.0         4.89622021     
 TIC 355816698       151.801954     65.677659      6316.0         4.39372015     
 TIC 39714846        137.196225     42.48745       5363.33007813  4.44330978     
 TIC 459762306       136.484775     55.389686      6966.0         3.88221002     
 TIC 219873323       260.110337     67.061223      5497.0         4.48363018     
 TIC 155657579       206.479551     79.387175      3304.0         4.89607        
 TIC 357050556       274.888048     58.107251      None           None           
 TIC 150276417       161.046994     44.678926      6710.77001953  None           
 TIC 224300265       185.839068     59.380136      3376.0         4.80212021     
 TIC 288347732       264.856082     79.163524      6783.18017578  3.96610999     
 TIC 157835110       149.837197     43.840458      3267.0         4.90050983     
 TIC 142619583       171.105624     77.704341      7615.0         4.34248018     
 TIC 99091734        130.755052     40.997715      7344.52978516  3.72352004     
 TIC 166087190       214.763732     64.862868      3392.0         4.82479        
 TIC 153976712       203.580764     66.266557      3338.0         4.79406023     
 TIC 259100107       291.278349     68.465876      3163.0         4.95033979     
 TIC 355977195       179.901242     73.59021       3414.0         4.85502005     
 TIC 219463771       208.411646     77.618931      3276.0         4.93727016     
 TIC 272749537       236.50435      70.374491      5517.0         4.5006299      
 TIC 147892875       142.66324      68.224075      3527.0         4.75712013     
 TIC 142904393       177.474683     70.043582      5900.0         4.48157978     
 TIC 446135128       147.143722     54.264914      6842.81005859  3.91651011     
 TIC 406857100       274.738468     66.192584      3120.0         5.12163019     
 TIC 142808731       162.803791     66.179881      3293.0         4.99556017     
 TIC 99832932        164.802097     63.66657       6030.0         None           
 TIC 219750629       261.024732     64.222471      6391.0         4.34498978     
 TIC 86374487        144.222518     62.014072      3183.0         4.88329983     
 TIC 270491865       232.350534     67.204446      6209.0         None           
 TIC 289704113       144.968198     51.308477      3286.0         4.94831991     
 TIC 147611197       148.934849     66.243864      6394.0         4.18300009     
 TIC 29172806        135.782444     44.58559       6191.12988281  None           
 TIC 453444667       147.858079     53.158534      None           None           
 TIC 150265769       159.903074     43.102558      None           None           
 TIC 142792148       162.724684     66.277557      7033.0         4.19786978     
 TIC 450324381       159.392314     39.099547      3300.0         4.91914988     
 TIC 243315719       289.37254      59.365104      6510.0         4.33362007     
 TIC 229640059       279.112577     71.887724      5334.0         4.30383015     
 TIC 126236560       133.426399     26.498988      5027.0         4.18003988     
 TIC 356735215       254.824045     68.678893      7174.0         3.99364996     
 TIC 258826647       287.226878     70.159117      31000.0        5.59961987     
 TIC 198557730       238.219311     62.08455       5348.0         None           
 TIC 308016265       150.007126     24.552805      4810.0         4.17004013     
 TIC 219790149       264.670444     61.233138      3233.0         4.89824009     
 TIC 103700423       155.329652     66.687727      3237.0         4.9527998      
 TIC 160440137       236.875839     73.947699      6265.0         3.90312004     
 TIC 160272538       186.212893     79.346898      3234.0         4.87998009     
 TIC 272758460       237.3825       71.1742        None           4.96170998     
 TIC 103687176       153.931562     66.078663      3818.0         4.60559988     
 TIC 105379659       142.183058     46.520982      3086.0         5.07649994     
 TIC 335719772       222.9877       63.133         None           5.02452993     
 TIC 219461569       207.823494     77.050242      4032.0         4.59868002     
 TIC 450326170       159.781801     37.91          6083.95996094  3.5936799      
 TIC 229913521       287.427531     64.858926      6447.0         3.20637012     
 TIC 199573123       241.436709     65.069775      3154.0         5.02994013     
 TIC 233233165       267.193105     66.249621      3231.0         4.97039986     
 TIC 256978045       302.289532     64.052443      8641.0         None           
 TIC 166493797       134.382382     31.00633       4575.43017578  4.58345985     
 TIC 99785582        141.600745     47.526285      5370.0         4.56712008     
 TIC 230073281       243.991299     65.959015      3337.0         4.88037014     
 TIC 39732627        154.031016     42.486367      3234.0         4.97158003     
 TIC 115859332       157.894975     43.26474       6944.39013672  4.26410007     
 TIC 229675482       253.400405     73.739715      5723.0         4.50615978     
 TIC 219807217       266.441193     59.988842      3262.0         4.89337015     
 TIC 21190018        276.538371     53.471925      6308.0         4.37923002     
 TIC 453428308       146.71361      48.053431      5469.85009766  4.5341301      
 TIC 105485569       144.008528     42.861844      3939.0         4.63661003     
 TIC 8246331         161.542266     40.303898      3416.0         4.80576992     
 TIC 230077015       244.63917      70.512564      6067.0         4.2357502      
 TIC 288162976       222.081761     82.896414      5342.0         4.60770988     
 TIC 159312066       230.527375     78.932407      3031.0         4.97096014     
 TIC 233201450       265.3739       67.582381      6281.0         None           
 TIC 230060668       229.262476     69.863854      3199.0         4.98727989     
 TIC 229535724       195.575107     69.835137      3220.0         4.99356985     
 TIC 298662657       277.909066     54.614955      6165.0         4.35830021     
 TIC 138686329       136.58634      29.795732      5107.00976563  4.61723995     
 TIC 229588059       271.882617     75.523034      4230.0         4.52963018     
 TIC 331946878       162.350495     55.28085       6241.0         4.33704996     
 TIC 233071926       270.739171     60.417325      4875.0         4.56746006     
 TIC 237278994       299.659092     72.238581      6517.0         4.29539013     
 TIC 353871287       271.337223     55.105397      6169.75        3.25702        
 TIC 302750274       169.698704     57.918035      5939.0         4.43523979     
 TIC 232985036       242.380007     67.364998      6273.0         3.56108999     
 TIC 279825533       138.117608     49.206484      5354.50976563  4.20124006     
 TIC 160272537       186.200565     79.345152      None           None           
 TIC 219790151       264.665101     61.237817      None           None           
 TIC 160438504       236.250116     76.906267      4519.0         4.59635019     
 TIC 159345743       235.971326     82.440144      5917.0         4.49092007     
 TIC 117276909       130.904731     28.981982      3202.0         5.06604004     
 TIC 459222932       201.919891     64.011922      5331.0         4.44481993     
 TIC 105484834       143.934785     44.994099      3266.0         4.92825985     
 TIC 142785398       154.505237     75.224386      None           None           
 TIC 420137030       291.928547     74.160227      5935.0         4.39794016     
 TIC 230090756       247.674527     70.155267      3042.0         5.06518984     
 TIC 56914404        139.571585     46.153143      7358.25        3.90143991     
 TIC 284660677       179.190694     57.38477       3779.0         4.67714024     
 TIC 233195637       264.426154     69.079977      None           4.99852991     
 TIC 258957113       289.377528     68.901976      6599.0         4.35788012     
 TIC 252463437       149.685133     50.125157      10882.0        3.69979        
 TIC 284929250       132.816713     32.661918      3189.0         5.00605011     
 TIC 459978466       255.545337     65.228673      4465.0         4.69388008     
 TIC 230079674       245.203556     70.247413      4827.0         4.5550499      
 TIC 125528956       144.65671      26.865599      4336.0         4.63179016     
 TIC 237105410       256.381876     78.877738      6411.0         3.58887005     
 TIC 302581695       133.482012     35.538295      9101.0         None           
 TIC 269663822       301.41842      68.540795      None           None           
 TIC 229966103       289.54858      60.960034      12479.0        None           
 TIC 355175842       139.828929     38.521085      3158.0         4.99416018     
 TIC 233070089       270.877289     64.624876      2993.0         5.08412981     
 TIC 229766985       281.973937     66.35824       5935.0         4.29282999     
 TIC 159527171       190.888635     60.01464       4993.0         4.55389977     
 TIC 272615711       231.206535     66.866758      3745.0         4.63203001     
 TIC 302602874       133.842527     32.710081      8157.0         4.24817991     
 TIC 372758788       173.894402     82.989332      4607.0         4.43458986     
 TIC 8118014         154.845994     39.38334       3247.0         5.00860977     
 TIC 280163882       298.675054     68.989299      3964.0         4.22051001     
 TIC 355931169       139.337066     52.680418      6775.0         3.48286009     
 TIC 329249115       264.176438     55.384044      5626.0         4.22184992     
 TIC 8769443         140.414212     32.26424       8295.0         4.16372013     
 TIC 154066690       207.155548     71.43062       4234.0         4.64643002     
 TIC 353932455       157.518411     40.469881      5955.45019531  3.43715        
 TIC 356539820       153.0881       63.1912        None           4.94005013     
 TIC 230115455       249.162519     69.79307       6642.0         None           
 TIC 66692216        155.273643     55.56793       8011.0         4.08308983     
 TIC 252962054       151.174988     30.426701      3217.0         4.9604702      
 TIC 302756911       170.210268     54.169165      4109.0         4.59951019     
 TIC 29172363        135.811479     42.123559      4044.0         4.39162016     
 TIC 257048642       226.984376     76.200754      4724.0         4.44215012     
 TIC 24052983        163.926094     42.767461      4422.00976563  4.05340004     
 TIC 160419850       234.327322     75.876785      3337.0         4.80070019     
 TIC 441740483       259.66374      76.318859      3162.0         5.03650999     
 TIC 320501344       264.555907     56.611305      3887.0         4.60430002     
 TIC 233006311       247.240653     73.309738      6443.0         4.09280014     
 TIC 160419959       234.45037      76.384293      6221.0         4.44407988     
 TIC 9346818         149.952161     36.77602       4816.35009766  4.55528021     
 TIC 67958445        143.194293     44.672016      6227.0         4.44024992     
 TIC 298160985       220.109385     68.673787      3172.0         5.08093977     
 TIC 272781624       238.135363     70.184714      3193.0         4.87473011     
 TIC 154564256       189.571733     72.12632       10178.0        4.18218994     
 TIC 251079483       138.509089     48.344912      2985.0         5.06095982     
 TIC 156805574       140.255964     36.844276      4612.58984375  4.62136984     
 TIC 233181627       218.602091     68.701928      5582.0         None           
 TIC 229954300       288.681013     65.272808      9846.0         4.08701992     
 TIC 202507376       231.382571     62.016651      None           None           
 TIC 154492432       186.683075     75.249176      4070.0         None           
 TIC 459979793       255.687384     62.333296      6332.0         4.28293991     
 TIC 236872887       302.913988     63.527414      10425.0        3.66311002     
 TIC 233008502       247.758        73.0587        None           4.94694996     
 TIC 230384382       285.730684     60.586065      3293.0         4.84848022     
 TIC 103687873       153.933709     68.909047      4480.0         4.29589987     
 TIC 459788950       144.488019     54.197902      3286.0         4.85425997     
 TIC 328557622       142.339518     56.240917      6688.06982422  3.96989989     
 TIC 56882581        138.619524     42.777323      7074.79003906  3.65358996     
 TIC 142962481       181.140545     66.336587      6000.0         4.4777298      
 TIC 236778955       282.889793     57.75762       4279.0         4.33004999     
 TIC 229614158       277.983626     77.510275      3168.0         4.96352005     
 TIC 39699837        136.729784     45.541598      3617.0         4.64540005     
 TIC 270492519       233.0358       67.7663        None           5.00586987     
 TIC 334637014       235.554214     65.618094      3234.0         4.84196997     
 TIC 393853864       156.865261     42.154791      3326.0         4.74307013     
 TIC 150170690       136.960794     48.281967      6325.93994141  None           
 TIC 147949646       167.41578      67.21021       7734.0         3.66192007     
 TIC 86339506        143.443944     62.827848      4519.0         None           
 TIC 198314835       233.8398       61.634923      3350.0         4.78293991     
 TIC 236885887       303.342777     63.515871      6349.0         4.45789003     
 TIC 288299534       261.27943      79.646615      3715.0         4.72283983     
 TIC 298091852       204.506356     65.81358       3263.0         4.83578014     
 TIC 159398282       237.479667     79.664392      3052.0         4.95066977     
 TIC 459979376       255.762848     63.604579      3248.0         4.92120981     
 TIC 232541198       228.07414      67.081239      5620.0         4.52875996     
 TIC 302699294       168.975117     55.330733      3742.0         4.64302015     
 TIC 441804674       266.045478     72.050777      4684.0         None           
 TIC 27037006        151.510133     19.453307      6918.0         4.30038023     
 TIC 372714523       152.239059     41.409636      3294.0         4.93010998     
 TIC 280068700       298.143624     66.705214      7650.0         4.09211016     
 TIC 230010749       291.203244     61.055109      4945.0         4.59698009     
 TIC 198413430       259.260619     56.209879      4604.0         4.45671988     
 TIC 29169063        135.145233     47.564077      2960.0         4.99144983     
 TIC 233068870       270.569186     64.262289      3062.0         5.07312012     
 TIC 355207197       133.439428     44.115383      4201.08984375  4.54942989     
 TIC 233547261       281.738333     60.895959      3376.0         4.83557987     
 TIC 357045538       274.372852     55.456461      8261.0         3.98301005     
 TIC 8916239         152.300589     33.333512      6190.0         4.32012987     
 TIC 103631501       151.584402     71.722213      3303.0         4.86547995     
 TIC 103754888       158.09126      68.000138      4982.0         4.56502008     
 TIC 103741262       156.038096     67.885104      3307.0         4.83535004     
 TIC 237098588       239.884356     71.030362      3135.0         4.91268015     
 TIC 219787770       264.520266     65.1575        3210.0         4.91246986     
 TIC 86279327        141.417753     63.488707      3165.0         4.89884996     
 TIC 230086683       246.784304     66.437395      5452.0         4.40493011     
 TIC 219091656       269.023654     71.465911      4777.0         4.58813        
 TIC 302726699       169.089579     54.001739      3296.0         4.67164993     
 TIC 229710546       278.273334     69.996139      6847.0         4.10967016     
 TIC 202443380       227.860384     65.639082      7498.0         3.99585009     
 TIC 165554927       266.98488      58.005162      6158.97021484  4.38665009     
 TIC 233690498       275.567149     65.136918      7049.0         3.98494005     
 TIC 402897917       302.768145     68.500219      3223.0         4.95797014     
 TIC 150170858       137.090216     48.38872       3309.0         4.83384991     
 TIC 230113263       248.551834     66.304669      6709.0         4.21889019     
 TIC 232972481       199.46549      67.533142      None           None           
 TIC 272669886       233.747972     68.550591      3257.0         4.85645008     
 TIC 67665605        148.714466     37.415084      7661.27978516  4.08439016     
 TIC 376870091       283.519677     74.94467       3162.0         4.99909019     
 TIC 166597074       135.924082     34.806145      3068.0         5.09782982     
 TIC 420113351       290.459512     72.186627      3868.0         4.60043001     
 TIC 9347168         149.940139     38.81838       4742.0         4.21990013     
 TIC 219771690       263.137201     62.485156      3496.0         4.74650002     
 TIC 356683689       174.860427     77.400735      3082.0         4.96431017     
 TIC 86273642        140.947525     63.960756      3122.0         5.06100988     
 TIC 270491267       232.359738     70.198414      31000.0        5.59961987     
 TIC 359678111       281.075267     57.694429      3773.0         4.64768982     
 TIC 142848794       174.485863     67.329739      6563.0         None           
 TIC 147940462       167.090927     71.958982      7038.0         3.60349011     
 TIC 55725430        179.90727      56.050193      4427.43994141  4.27567005     
 TIC 229514668       194.264653     59.438085      6307.0         4.35520983     
 TIC 232524855       193.990616     76.402905      5990.0         4.3836298      
 TIC 307986889       257.571062     63.361394      4754.0         4.58143997     
 TIC 357154888       145.300203     48.60243       4601.0         4.54711008     
 TIC 237104916       241.307154     66.504131      3245.0         4.9692502      
 TIC 86265580        139.954792     62.450844      3048.0         5.08802986     
 TIC 39734089        154.274184     42.914384      9012.01953125  None           
 TIC 198185267       245.62197      62.56954       3182.0         4.99008989     
 TIC 257002707       223.932513     76.306582      6423.0         None           
 TIC 252465620       149.96037      48.969887      4279.0         4.56867981     
 TIC 373675061       188.442086     65.001374      3215.0         4.99912977     
 TIC 105488249       144.518668     44.654299      5058.0         4.59914017     
 TIC 445854352       197.648886     81.521988      5525.0         4.56106997     
 TIC 417735733       299.493225     66.714276      5298.0         4.15931988     
 TIC 148836026       162.65935      51.750426      3282.0         4.90221024     
 TIC 269698740       301.840718     70.99668       3773.0         4.3636198      
 TIC 458481937       235.041103     65.537735      3294.0         4.98298979     
 TIC 172533237       143.248078     27.197058      6734.91015625  4.09590006     
 TIC 236987797       305.421927     62.334048      5035.0         4.49725008     
 TIC 270491862       232.342372     67.212043      6086.0         4.01566982     
 TIC 229650681       280.88231      75.663301      4273.0         4.27345991     
 TIC 233692125       275.760563     61.189137      3131.0         4.69289017     
 TIC 188397025       132.425131     38.761583      3268.0         4.91173983     
 TIC 160619243       246.07736      77.902432      3537.0         4.65962982     
 TIC 237222539       296.203388     74.766732      5209.0         4.68002987     
 TIC 302666414       163.004997     55.355145      7419.0         3.62270999     
 TIC 17193333        145.529618     40.934531      6673.89990234  4.23857021     
 TIC 309764576       155.480527     59.551899      5597.0         4.56240988     
 TIC 232649837       281.744985     55.641324      None           None           
 TIC 287085893       253.309757     70.266585      5302.0         3.95984006     
 TIC 8198339         156.614556     38.750737      3676.0         4.98169994     
 TIC 230132989       252.500082     67.252612      6795.0         None           
 TIC 198413432       259.25821      56.205193      5121.0         4.29987001     
 TIC 165555377       267.062196     59.389693      3162.0         5.01632977     
 TIC 198187008       245.8402       61.8208        None           4.87214994     
 TIC 55723955        179.671771     54.787102      3245.0         4.85046005     
 TIC 229783705       283.74265      66.371382      3479.0         4.7740202      
 TIC 154204209       214.470334     69.234294      6541.0         None           
 TIC 219854858       256.814403     67.639775      5758.0         4.49257994     
 TIC 198211758       248.188449     64.697673      6527.0         4.36738014     
 TIC 159510452       247.602574     81.535894      3387.0         4.81175995     
 TIC 233060572       269.845341     61.891042      3149.0         4.90264988     
 TIC 424389265       281.222872     74.148765      2976.0         5.11622        
 TIC 137729107       174.067185     56.400427      3112.0         5.07588005     
 TIC 198204303       246.81922      65.592212      6518.0         3.92301989     
 TIC 160602230       244.696408     73.475538      3286.0         4.88547993     
 TIC 232977473       218.133082     63.984705      3315.0         4.93437004     
 TIC 233131533       274.48763      60.574161      5493.0         4.46070004     
 TIC 1551660228      278.014456     70.043987      3735.0         4.87726021     
 TIC 137752707       175.114294     57.970406      12849.0        None           
 TIC 331945698       151.767607     35.449032      3007.0         5.06892014     
 TIC 356736072       177.418165     71.896789      3464.0         4.85705996     
 TIC 86273641        140.946645     63.962436      3265.0         4.93675995     
 TIC 230131686       252.206341     69.163282      6101.0         None           
 TIC 67949769        142.653834     47.870198      6536.85986328  3.80566001     
 TIC 232982544       241.581993     67.810135      10046.0        4.16504002     
 TIC 137804387       177.203499     59.375587      3306.0         4.87715006     
 TIC 258799793       286.628143     68.284686      3595.0         4.68697023     
 TIC 67392956        154.694216     32.360417      6284.10009766  None           
 TIC 137647367       139.032724     56.943103      7135.0         4.09469986     
 TIC 230395228       286.673233     63.754117      3177.0         4.86755991     
 TIC 256516343       299.307724     64.905657      4087.0         4.57075977     
 TIC 471011933       236.014496     77.794493      None           None           
 TIC 172519043       142.756139     25.281108      3292.0         4.79973984     
 TIC 389968535       277.23384      56.186197      3562.0         4.67417002     
 TIC 229444785       293.760108     63.169164      4856.0         4.57086992     
 TIC 341687654       192.2615       66.1102        None           4.78980017     
 TIC 284971444       266.007906     53.479397      6397.0         4.23968983     
 TIC 85292042        156.717005     33.891201      6518.0         4.13146019     
 TIC 366488770       299.784961     70.090082      3132.0         4.68544006     
 TIC 377388779       150.281853     55.096053      6667.0         4.17914009     
 TIC 21501122        149.168575     38.138662      3432.0         4.77926016     
 TIC 219010458       221.93724      71.601236      6595.12988281  4.25911999     
 TIC 229473874       295.223685     61.961666      3619.0         4.81115007     
 TIC 53451777        161.763582     49.001504      4497.87011719  None           
 TIC 150265247       159.77054      43.874049      3039.0         5.10524988     
 TIC 251080865       138.983656     53.423294      None           None           
 TIC 229639589       278.814775     73.028141      3217.0         4.99287987     
 TIC 137810850       177.794463     56.12989       3578.0         4.74615002     
 TIC 53451503        161.623526     48.553468      3126.0         5.04437017     
 TIC 359676320       280.728154     58.761096      5278.0         4.48565006     
 TIC 287086786       253.419911     67.242464      4029.0         None           
 TIC 160423353       235.7627       76.6047        None           4.98814011     
 TIC 166615946       136.229503     32.376838      7610.0         4.05800009     
 TIC 259169317       292.464067     67.085924      5453.0         4.41263008     
 TIC 302695576       163.954841     54.16304       4532.0         4.73764992     
 TIC 328583962       142.737158     58.42059       3138.0         5.0445199      
 TIC 229675969       253.259045     75.689387      3383.0         4.85112        
 TIC 126278009       134.10463      23.947938      6562.74023438  4.33694983     
 TIC 258799679       286.609675     68.483774      7144.0         3.74194002     
 TIC 138577121       175.164888     62.299377      5688.0         None           
 TIC 257082573       228.933095     76.119771      4861.0         4.5880599      
 TIC 302697237       164.137709     58.591291      5080.72998047  None           
 TIC 159509283       247.058725     83.334338      5308.0         4.62100983     
 TIC 219467261       210.140156     72.148589      3237.0         4.92579985     
 TIC 8765832         140.046675     33.945099      None           None           
 TIC 233071509       270.724977     61.419752      5783.0         4.43635988     
 TIC 159613900       219.750879     64.29166       5647.0         4.44929981     
 TIC 8676751         137.51525      35.559496      4663.43994141  4.28806019     
 TIC 311578368       159.624116     48.529112      3357.0         4.80394983     
 TIC 117420341       137.871197     28.019925      4954.49023438  4.71720982     
 TIC 441795882       263.810841     76.533827      3284.0         4.91875982     
 TIC 232634683       269.495547     55.102185      4620.0         4.47014999     
 TIC 318292329       164.531329     50.950801      3372.0         4.87204981     
 TIC 105440997       143.526276     44.036455      5026.0         4.25399017     
 TIC 307986891       257.568601     63.359399      4309.0         4.56244993     
 TIC 202294427       174.817435     52.999738      6284.33007813  4.39470005     
 TIC 21501108        149.045734     38.264746      6058.0         4.44503021     
 TIC 441717812       254.460052     75.667956      3447.0         4.82707977     
 TIC 357036564       274.36317      58.452132      5223.0         4.24432993     
 TIC 257048637       226.988393     76.233097      3130.0         4.78715992     
 TIC 233080541       271.876222     65.214836      3047.0         5.01089001     
 TIC 229480487       295.52485      65.780496      5409.0         4.14881992     
 TIC 202382372       210.019995     63.679765      5366.0         4.56624985     
 TIC 199547911       240.640359     64.099434      4482.0         4.5002799      
 TIC 202381525       209.689277     63.159243      5472.0         4.44937992     
 TIC 88768414        151.797009     51.453406      6014.85986328  4.51549006     
 TIC 137803552       177.175272     54.718757      7273.49023438  3.91647005     
 TIC 272700743       235.261903     71.813785      3429.0         4.8294301      
 TIC 252470185       150.7056       48.4592        None           5.03126001     
 TIC 137830316       178.045818     55.802342      7178.0         4.40201998     
 TIC 159241096       226.191267     80.98662       5603.0         4.39426994     
 TIC 288382046       265.76052      81.640529      3179.0         4.97595978     
 TIC 157319257       179.813177     61.334381      7980.0         4.00081015     
 TIC 23971516        147.493428     44.863995      3104.0         5.04182005     
 TIC 288312840       262.663855     78.931211      4525.0         4.53853989     
 TIC 256749121       301.025849     64.536938      7081.0         4.25446987     
 TIC 232970271       198.599338     66.375768      2846.0         5.21916008     
 TIC 202427220       226.578643     62.17069       4029.0         4.32281017     
 TIC 138507897       157.946158     64.660195      5450.0         4.42226982     
 TIC 357047278       274.59058      55.446865      None           None           
 TIC 24005688        163.293899     41.927355      3149.0         5.00800991     
 TIC 298649058       272.499027     51.918976      3561.0         4.58987999     
 TIC 284900652       261.025561     56.33419       None           None           
 TIC 232613164       258.838016     65.477948      5512.0         4.48757982     
 TIC 233717533       276.080906     62.414325      6538.0         None           
 TIC 229671667       251.997277     73.609563      3047.0         5.07078981     
 TIC 158436020       202.31302      60.001904      6757.0         3.47265005     
 TIC 356822358       275.18909      71.337774      None           None           
 TIC 230019699       291.563469     60.754606      4552.0         4.42252016     
 TIC 229597814       273.575769     72.701858      6994.0         4.26007986     
 TIC 420110756       290.230678     77.717558      3159.0         5.02092981     
 TIC 229552340       238.616716     65.745847      4538.0         4.59821987     
 TIC 233570240       281.996632     64.582443      3263.0         4.95347023     
 TIC 441734910       258.253191     73.934726      3391.0         4.86575985     
 TIC 159509446       247.292944     78.077754      None           None           
 TIC 239195345       146.439874     28.250001      6274.56005859  4.12044001     
 TIC 85292827        156.800052     32.391574      5636.79980469  4.47474003     
 TIC 229949340       288.551536     61.856242      4152.0         4.61722994     
 TIC 219010551       221.855827     70.971124      3135.0         5.03851986     
 TIC 117420343       137.873783     28.020746      4808.62011719  4.60141993     
 TIC 142373362       195.825811     62.692037      4144.0         4.61729002     
 TIC 156491690       217.805953     75.445065      3221.0         5.0666399      
 TIC 229740543       279.686028     68.899278      6721.0         3.8996799      
 TIC 362220700       286.091974     80.23277       3415.0         4.82477999     
 TIC 302697903       168.983607     59.120995      7814.0         3.78362012     
 TIC 55752718        181.325478     55.427691      6357.0         4.4179101      
 TIC 39715601        137.202071     46.931456      3171.0         5.02532005     
 TIC 160298807       187.25186      78.950809      5843.0         4.40423012     
 TIC 219860549       258.144039     71.128894      6695.0         4.14653015     
 TIC 357032546       274.069895     54.172668      3727.0         4.64457989     
 TIC 229942262       287.978285     60.998936      4653.0         4.56356001     
 TIC 441802347       265.019872     75.973248      3545.0         4.71886015     
 TIC 160603519       244.911426     76.921281      3819.0         4.28144979     
 TIC 159539617       247.978901     83.624613      6132.0         None           
 TIC 289705644       145.51279      28.877396      5275.0         4.53411007     
 TIC 219893630       262.588709     70.791717      6278.0         3.42340994     
