 ID                  RA_OBJ         DEC_OBJ        Teff           logg       
                     (deg)          (deg)          (k)            (cm/s2) 
 TIC 142443425       146.551734     67.097474      5041.0         4.59638023     
 TIC 233569141       281.719845     64.892289      6695.0         4.1076498      
 TIC 149453421       141.220355     24.330648      4891.81005859  None           
 TIC 353807236       270.221823     58.546259      6376.25976563  4.35200024     
 TIC 372759279       175.006        75.155963      7653.0         3.95194006     
 TIC 353854078       271.141173     58.398418      6595.0         3.40754008     
 TIC 233174217       216.631451     70.313601      6273.0         4.18632984     
 TIC 219771660       262.980371     62.54581       5229.0         None           
 TIC 126325291       135.481046     26.689652      5599.47998047  4.49018002     
 TIC 148914403       187.183092     68.920246      6129.33984375  3.85853004     
 TIC 229776723       282.868819     68.410262      4728.0         4.40051985     
 TIC 219859691       257.819404     69.503026      None           None           
 TIC 147936305       166.151925     70.38709       6948.0         4.12740993     
 TIC 441732151       257.876722     72.135506      6069.0         4.46210003     
 TIC 229585356       271.379754     72.074279      5475.0         3.94882989     
 TIC 233544319       281.398281     64.067424      7175.0         None           
 TIC 232634196       269.438515     56.195957      6351.60009766  3.7221601      
 TIC 356632361       232.314224     64.926644      6039.0         4.42420006     
 TIC 257023157       225.248863     73.053198      5960.0         None           
 TIC 229461186       295.10263      60.920275      6354.0         4.16822004     
 TIC 229945262       288.14932      63.151224      3682.0         4.28258991     
 TIC 198388252       258.195339     57.052889      6074.0         4.16321993     
 TIC 233207585       266.001392     70.258838      5381.0         4.32472992     
 TIC 288391801       267.235296     78.122855      6110.0         4.22781992     
 TIC 420108639       284.879751     73.39566       5945.0         4.50812006     
 TIC 154067797       207.484319     66.474449      5930.0         4.1679101      
 TIC 441734144       258.55816      76.703975      5105.0         4.27128983     
 TIC 358613523       175.102894     80.235981      7271.0         4.27802992     
 TIC 289722957       274.180503     53.246496      7069.5         4.03904009     
 TIC 287095354       137.483065     54.488257      5139.0         4.35042        
 TIC 331940958       147.991566     55.725667      None           None           
 TIC 258826816       287.370486     69.78544       6158.0         4.41533995     
 TIC 290030574       135.78701      41.296545      None           None           
 TIC 150225473       143.061795     49.848525      6597.0         4.83114004     
 TIC 383676981       279.174549     63.737127      6889.0         3.95962        
 TIC 236901679       303.923299     65.853611      6029.0         3.44812012     
 TIC 199716496       254.391168     59.531069      5764.0         4.04341984     
 TIC 453431591       147.30269      52.100793      4933.64013672  4.30475998     
 TIC 172517058       142.565109     24.554631      3309.0         4.81282997     
 TIC 288317543       263.103228     81.294484      6331.0         3.70938993     
 TIC 8766412         139.990995     30.956646      6224.24023438  3.69412994     
 TIC 219117956       272.527315     70.628063      3581.0         4.77827978     
 TIC 148656659       169.443885     47.269665      5946.75976563  4.00077009     
 TIC 126316311       134.5122       26.490592      6356.0         None           
 TIC 229687624       262.988527     57.178432      7282.0         3.91182995     
 TIC 117378874       131.948806     29.831168      5096.0         4.40069008     
 TIC 307906863       140.847582     33.464011      12672.0        None           
 TIC 318217844       142.852688     49.467893      7828.06982422  4.04457998     
 TIC 159346490       236.23571      79.517145      5322.0         4.27750015     
 TIC 233720276       276.357739     62.940388      6647.0         4.02275991     
 TIC 456311170       134.226899     49.074012      5120.58007813  None           
 TIC 230065962       230.52851      70.077514      5408.0         None           
 TIC 414967324       140.987992     21.680802      4809.10986328  4.55977011     
 TIC 156118561       167.191308     80.439302      6461.0         4.03346014     
 TIC 202442615       227.959831     61.857023      5739.0         4.21400976     
 TIC 4957914         148.712261     34.538425      3695.0         4.68103981     
 TIC 229914020       287.64356      63.937281      4577.0         4.47248983     
 TIC 155894704       176.371709     72.249537      6191.0         3.90665007     
 TIC 459789367       144.527998     56.018691      7664.0         3.9623301      
 TIC 392536812       280.467444     58.056473      6729.0         3.86039996     
 TIC 117378334       131.975877     27.98063       6072.29980469  3.95315003     
 TIC 359677968       280.940172     57.948147      6660.0         3.88718009     
 TIC 199688409       253.05145      57.725469      7738.0         4.13455009     
 TIC 233208885       266.351894     69.306083      4660.0         4.19819021     
 TIC 356630364       160.619748     68.603879      7568.0         3.58049989     
 TIC 356150806       266.545585     53.483616      6624.0         None           
 TIC 157847499       167.380534     43.593         6115.85986328  4.41738987     
 TIC 147625755       184.152306     64.857589      6554.0         4.13407993     
 TIC 21499609        148.940265     37.195099      5958.0         4.15325022     
 TIC 272650576       233.239504     70.704391      7481.0         3.96901989     
 TIC 233738219       277.840773     64.903692      3292.0         4.9386301      
 TIC 157840032       150.178931     42.114159      6092.02978516  4.3915         
 TIC 139367232       138.862927     30.635368      4868.91015625  None           
 TIC 284891601       260.508469     56.628422      8702.0         4.13017988     
 TIC 55778901        182.260416     56.031654      5849.02978516  4.26254988     
 TIC 356150515       266.48085      52.634578      6404.0         3.89916992     
 TIC 458481461       233.46275      63.907141      7122.0         3.64144993     
 TIC 82224114        150.934449     28.232394      5975.62988281  4.12329006     
 TIC 8769657         140.368119     33.432963      3474.0         4.63506985     
 TIC 416537241       173.219456     58.910951      5067.10009766  None           
 TIC 282925798       226.959        63.117105      6652.0         3.62877989     
 TIC 166596267       135.760043     34.942225      5871.0         4.48992014     
 TIC 298734307       278.60958      57.80182       8014.0         3.94790006     
 TIC 258773798       286.177896     66.301988      4720.0         None           
 TIC 341870349       276.732905     71.413962      3471.0         4.69528008     
 TIC 202295392       175.193135     51.998172      5536.0         None           
 TIC 331947033       162.302572     56.257018      5653.0         4.38639021     
 TIC 330753460       144.130685     28.339802      6229.66992188  None           
 TIC 21499327        148.765336     36.06372       5747.0         4.21369982     
 TIC 377190161       285.675105     58.732757      6920.0         3.90275002     
 TIC 17299918        160.333151     38.25883       5541.70019531  None           
 TIC 229585542       271.527157     72.584955      6982.0         4.05479002     
 TIC 302668828       163.254393     57.702219      5609.02001953  None           
 TIC 142791832       162.25812      67.21453       6044.0         4.13670015     
 TIC 446127290       145.93946      55.952519      5881.0         4.31963015     
 TIC 441732207       258.007417     72.271162      5175.0         None           
 TIC 147576476       144.543205     70.632177      6268.0         3.60524011     
 TIC 329248002       263.817856     55.003395      7483.0         3.74928999     
 TIC 142381364       196.266524     62.77328       6309.0         4.04417992     
 TIC 359675849       280.70606      57.86521       5912.0         4.16047001     
 TIC 334297172       143.705974     52.05148       8892.0         3.56700993     
 TIC 147611185       148.769347     66.152972      6395.0         None           
 TIC 198242676       249.766963     60.701945      6208.0         4.18959999     
 TIC 103580569       150.499854     66.857707      3704.0         4.6269002      
 TIC 138505004       157.513311     61.811509      5865.0         3.99343991     
 TIC 8200343         156.964456     39.901245      5225.31005859  4.3441         
 TIC 67949277        142.659639     44.769406      8072.0         4.03178978     
 TIC 362220017       286.025938     78.753128      5389.0         4.5714798      
 TIC 142783746       153.902703     76.698394      6222.0         4.27454996     
 TIC 406929271       287.527166     58.63068       4441.0         4.24349022     
 TIC 202426247       226.457934     64.047206      5668.04003906  4.50555992     
 TIC 284358867       288.031602     58.156757      5152.0         4.10966015     
 TIC 259126645       291.479391     68.935321      6443.0         4.09209013     
 TIC 230386284       285.822        63.9928        None           4.75461006     
 TIC 229400643       292.486488     61.754891      7526.0         4.23003006     
 TIC 328586949       143.142307     56.169694      6201.64990234  4.14054012     
 TIC 392536805       280.319836     58.063758      7164.0         3.9978199      
 TIC 157273321       198.726863     59.295668      7285.0         3.53966999     
 TIC 160472514       237.705974     72.211285      5202.0         None           
 TIC 99784331        141.496699     41.941882      6681.0         4.08026981     
 TIC 198555959       238.048481     64.883468      6167.0         4.08824015     
 TIC 156169159       173.320768     78.323844      6535.0         4.38680983     
 TIC 233524881       279.94582      65.632809      5523.0         4.42837        
 TIC 172529744       142.822443     27.38724       8870.0         3.97176003     
 TIC 235718636       255.084911     83.421375      6368.0         4.55066013     
 TIC 198408416       258.913296     58.864498      5294.18017578  4.23394012     
 TIC 229462143       294.945328     62.011252      8995.0         4.22962999     
 TIC 224607716       255.891802     57.499782      9898.0         3.96766996     
 TIC 232629077       268.980603     56.035321      5460.0         4.35772991     
 TIC 458478250       232.146636     66.358762      5898.0         4.50087023     
 TIC 284892951       132.115653     30.890887      6572.0         4.31088018     
 TIC 236865152       302.63342      62.708578      7112.0         4.09649992     
 TIC 229495981       296.635976     60.889001      6069.0         3.84062004     
 TIC 153977353       203.605038     69.940907      3467.0         4.71174002     
 TIC 377307592       286.986101     59.397796      6058.0         3.99889994     
 TIC 356538022       152.55412      64.135568      4117.0         None           
 TIC 16805614        141.849214     39.510297      3462.0         4.86856985     
 TIC 17206122        146.212061     41.264132      6495.0         3.90036011     
 TIC 198313291       233.688392     62.278981      5780.0         4.37319994     
 TIC 159510109       247.535191     80.307479      5920.0         4.37469006     
 TIC 101547609       129.785584     31.795682      4378.0         None           
 TIC 356015361       254.25021      68.589856      5570.0         3.91192007     
 TIC 166532356       134.854382     32.193332      5788.91015625  4.39258003     
 TIC 142587827       167.8704       73.115277      6696.0         4.08274984     
 TIC 377165642       285.791965     58.153396      5919.0         4.27374983     
 TIC 159464498       244.837311     78.914035      6613.0         3.50880003     
 TIC 376869643       283.404494     76.075873      6331.0         4.4500699      
 TIC 99746674        140.798735     47.689352      5381.62988281  4.42506981     
 TIC 259128582       291.855711     66.012554      6447.0         4.19960022     
 TIC 272759659       237.67117      66.428671      6833.0         3.70911002     
 TIC 335661706       217.181149     81.753895      6661.0         4.12553978     
 TIC 393852409       146.312394     45.912401      31000.0        5.59961987     
 TIC 270526513       251.49265      82.037263      5064.0         None           
 TIC 55753802        181.582466     57.176441      6322.35009766  4.05577993     
 TIC 417849730       152.258193     64.444609      6334.0         4.33437014     
 TIC 359552377       279.398308     57.74432       6487.0         3.82029009     
 TIC 233679640       260.336652     60.058201      4431.83007813  None           
 TIC 298666271       278.351504     58.706485      7304.0         3.9356699      
 TIC 389916225       275.772545     58.903563      7392.0         4.14940023     
 TIC 406781370       170.523508     46.725984      6593.18994141  3.64492989     
 TIC 367838785       275.879592     74.16798       8780.0         3.99045992     
 TIC 441791928       262.964382     77.342612      6609.0         3.51320004     
 TIC 332144364       129.866856     34.898579      4266.0         None           
 TIC 166584321       135.454775     32.851635      3646.0         4.81027985     
 TIC 159298033       229.489585     83.859465      7204.0         4.00668001     
 TIC 219738202       241.572363     62.762803      7106.0         3.96671009     
 TIC 230063769       229.977957     69.416828      5786.0         4.31614017     
 TIC 219435542       205.435223     74.320471      6264.0         4.03587008     
 TIC 359631482       280.15767      57.494867      5393.0         None           
 TIC 137905775       151.754309     54.37125       4052.0         4.26173019     
 TIC 258351350       296.510583     69.919167      8015.0         4.05840015     
 TIC 138578906       175.759461     60.576863      6263.0         4.05319023     
 TIC 441804260       265.488934     72.984494      3201.0         4.97629976     
 TIC 359497418       279.168795     57.055881      6081.0         3.67146993     
 TIC 329246824       263.88467      57.802518      6745.0         4.07519007     
 TIC 267813367       293.287862     59.396066      9806.0         3.73870993     
 TIC 232524483       193.475474     77.203689      6431.0         4.16723013     
 TIC 233635280       146.047415     25.353183      5938.5         3.96380997     
 TIC 229476285       295.534548     60.482994      6489.0         4.12789011     
 TIC 284891650       260.560562     56.750315      6574.0         4.03792        
 TIC 154014160       206.818427     68.340892      3252.0         4.95349979     
 TIC 147686743       189.90193      64.674345      None           None           
 TIC 356015357       254.309401     68.57416       7934.0         3.97164011     
 TIC 224605072       255.599174     58.86998       6923.0         3.93744993     
 TIC 138558673       174.405396     62.713076      6813.08984375  4.09802008     
 TIC 316450573       221.757204     63.727         6291.0         4.13822985     
 TIC 198407749       258.73664      58.857889      4790.0         4.36183023     
 TIC 198457457       261.834402     56.374976      6565.0         4.12466002     
 TIC 147938514       166.662663     70.307255      5287.0         None           
 TIC 39074957        139.711033     36.802576      9183.0         4.11206007     
 TIC 153991851       204.736733     69.803103      6868.0         4.15586996     
 TIC 308015513       149.845486     27.397745      5683.81982422  4.26311016     
 TIC 88646716        135.850525     38.098499      5951.66015625  4.09030008     
 TIC 399788405       278.163297     57.648313      6847.0         4.1212101      
 TIC 356896550       273.119865     54.781367      5926.0         3.32787991     
 TIC 280033918       297.6168       70.305272      5526.0         3.89315009     
 TIC 377253090       286.192292     58.951286      None           None           
 TIC 103743317       156.722351     69.070141      3459.0         4.83397007     
 TIC 441739153       259.42568      72.102704      8081.0         4.04293013     
 TIC 156103261       166.569764     79.314889      5967.0         4.51505995     
 TIC 318230704       162.892976     50.254707      7598.0         4.02717018     
 TIC 353894978       271.685973     56.407056      6292.0         3.95081997     
 TIC 229771234       282.267748     68.156951      4000.0         4.42898989     
 TIC 160268882       183.049779     77.616243      6823.47998047  4.01346016     
 TIC 259006185       290.341392     70.208106      7130.0         4.30752993     
 TIC 321441576       164.099719     41.127306      5500.91992188  4.34529018     
 TIC 199688472       253.140304     57.974005      5786.0         4.12522984     
 TIC 155657581       206.395294     79.396748      3456.0         4.62081003     
 TIC 150251466       155.362294     47.870745      8147.0         4.04904985     
 TIC 160519380       240.277916     77.148319      3899.0         4.42569017     
 TIC 329289186       269.18834      52.865675      7532.0         4.59713984     
 TIC 328933458       213.319729     84.562966      7340.0         None           
 TIC 53479497        162.075026     52.308278      4557.0         4.87432003     
 TIC 394030788       282.204074     80.673928      5231.0         4.47736979     
 TIC 445836238       187.548635     63.889033      5423.0         3.96221995     
 TIC 142865103       175.660878     70.661783      6203.0         3.82572007     
 TIC 356340346       268.364591     52.385462      6898.0         3.36104012     
 TIC 288507910       271.538392     81.941561      6261.0         3.78555989     
 TIC 457139088       141.448607     49.454174      6455.0         4.38872004     
 TIC 224299764       185.575391     57.07456       5457.89013672  4.65888977     
 TIC 172933154       129.006132     30.018013      6196.0         4.03945017     
 TIC 86232609        139.845278     62.054694      3829.0         4.38859987     
 TIC 336006777       282.151722     72.694137      5801.0         4.5417099      
 TIC 219092860       269.057261     68.11992       4461.0         4.61767006     
 TIC 202442974       227.935103     63.62198       8445.0         None           
 TIC 142618244       170.601805     73.075515      6756.0         4.37406015     
 TIC 103573024       149.971191     71.098198      4753.0         None           
 TIC 86385104        146.329247     65.741047      6278.0         3.88986993     
 TIC 310994603       203.710117     65.255036      6507.0         3.91531992     
 TIC 8245065         157.36156      39.768995      6154.06982422  3.36468005     
 TIC 390021728       277.79337      56.41748       5717.16992188  4.39683008     
 TIC 356896561       273.170605     54.768584      None           None           
 TIC 289716926       159.089491     55.803927      5102.25976563  4.23999023     
 TIC 459786991       144.178674     56.970163      7537.35986328  3.9140501      
 TIC 148963419       190.061248     66.285991      7302.0         4.32932997     
 TIC 272781956       238.240301     68.724989      6189.0         3.96948004     
 TIC 235684525       288.049134     77.527278      3268.0         4.84215021     
 TIC 198242678       249.766583     60.69966       5409.0         None           
 TIC 138558460       174.387813     63.957234      4405.0         4.2218399      
 TIC 232681393       282.36523      57.839934      8223.0         4.05342007     
 TIC 263968694       288.529557     78.266387      4792.0         None           
 TIC 458479571       233.197331     65.407385      5694.0         4.10370016     
 TIC 39065113        139.112742     36.979258      6028.02001953  3.82602        
 TIC 417851133       159.582779     60.124537      6437.0         3.82833004     
 TIC 188512866       143.843798     39.963273      6902.06005859  3.9309299      
 TIC 198416591       260.091198     57.974181      6123.0         4.25509977     
 TIC 117254374       130.526152     25.012096      6180.0         4.18756008     
 TIC 229793060       284.719277     69.53129       None           None           
 TIC 441807438       266.207695     74.874146      5181.0         4.20649004     
 TIC 372758722       173.663443     82.63288       6225.0         4.15568018     
 TIC 219109908       271.376635     69.754299      None           None           
 TIC 233079659       271.63852      64.449921      6165.0         4.43897009     
 TIC 237277760       299.119877     73.615977      6645.0         3.96661997     
 TIC 236973844       304.903031     62.257443      10740.0        3.97066998     
 TIC 138543573       158.98192      63.592337      6651.0         3.55518007     
 TIC 198280388       250.27438      60.606209      6147.0         3.96304011     
 TIC 198507944       197.688186     77.653843      8681.0         4.35598993     
 TIC 202442617       227.958747     61.861453      5650.0         4.40677977     
 TIC 287196418       292.734124     59.403851      6982.0         4.19674015     
 TIC 24004619        163.136462     45.777838      8951.0         4.16920996     
 TIC 356820646       269.524587     73.123795      6711.0         3.91781998     
 TIC 233684437       260.821829     63.557581      3670.0         4.67028999     
 TIC 362104293       268.207743     68.454981      5047.0         4.54765987     
 TIC 356920361       273.670825     56.588241      6943.0         3.6619699      
 TIC 148917425       188.370592     69.788231      12077.0        None           
 TIC 334297559       149.948664     59.661183      5631.0         None           
 TIC 229752395       280.6716       71.461646      6492.0         4.06753016     
 TIC 233195058       264.269583     67.11923       None           None           
 TIC 138650903       178.567637     65.219291      6243.0         4.17844009     
 TIC 356895908       273.191461     55.932305      5952.0         4.43740988     
 TIC 232971368       199.405884     71.246747      6247.0         3.90142989     
 TIC 160492551       239.460734     77.793599      5917.0         3.98007989     
 TIC 353939279       272.315131     58.017399      4837.0         None           
 TIC 16805617        141.868211     39.504975      4144.0         4.30670977     
 TIC 365936982       180.182831     77.083396      6865.0         3.72367001     
 TIC 229776076       282.747311     69.882636      6418.0         3.6505599      
 TIC 219877043       260.906334     67.540455      8567.0         4.1078701      
 TIC 353989471       272.546393     55.638795      5651.0         4.24204016     
 TIC 9361438         150.603494     36.073844      5858.0         4.26385021     
 TIC 207384197       207.253377     60.855253      6631.0         4.0953598      
 TIC 288471108       271.386343     78.24126       6008.0         3.8792901      
 TIC 441720646       255.124917     77.614787      6130.49023438  3.98850012     
 TIC 320323992       246.664938     74.504833      None           None           
 TIC 160228595       181.712582     77.315814      6178.0         4.17391014     
 TIC 415018713       177.806986     82.665884      8259.0         4.17762995     
 TIC 142979644       181.736374     70.130968      3181.0         4.9558301      
 TIC 445829772       173.087324     49.736019      5874.0         4.06155014     
 TIC 329269049       269.056095     52.125158      4788.0         4.43188        
 TIC 230114503       248.782764     69.940446      5800.0         3.72092009     
 TIC 280033934       297.589467     70.287651      5376.0         4.43810987     
 TIC 148622555       154.166677     59.379111      6751.0         4.08339977     
 TIC 154511165       187.102913     74.23539       6730.0         4.12057018     
 TIC 232965249       197.205716     68.641289      5888.0         None           
 TIC 362259855       286.447109     74.090513      5442.0         3.73182011     
 TIC 198354443       256.129674     57.072753      6261.0         4.15004015     
 TIC 160618494       246.347365     74.927613      6073.0         4.30729008     
 TIC 142308209       193.420723     63.60321       5855.0         None           
 TIC 318210930       142.544954     53.649827      4663.04003906  None           
 TIC 142980153       181.786851     66.999731      5934.0         4.4667201      
 TIC 377390037       161.499467     56.920839      7255.0         3.82937002     
 TIC 353780788       276.564033     58.442573      5853.0         4.43915987     
 TIC 229910746       287.349494     61.837795      6008.0         4.0717001      
 TIC 142441910       146.253587     68.785077      6376.0         4.40545988     
 TIC 8677671         137.452513     30.426895      6644.47998047  4.13353014     
 TIC 233532554       280.447505     62.676373      7869.0         3.9224         
 TIC 103656297       152.677882     67.658806      5830.0         None           
 TIC 165884497       131.261766     30.860632      6103.0         4.35206985     
 TIC 198537349       237.124491     62.344351      7079.0         3.86711001     
 TIC 55753808        181.601735     57.160041      33620.0        5.90256023     
 TIC 424461577       279.734272     60.398177      6475.0         3.83779001     
 TIC 219750638       261.112285     64.206637      5626.0         None           
 TIC 198382838       257.531769     58.407818      5180.0         4.14041996     
 TIC 420137341       291.667274     73.578527      5754.0         None           
 TIC 310922962       172.047841     55.668156      7853.0         4.20237017     
 TIC 219107776       271.059369     67.903409      5149.0         None           
 TIC 287225599       143.924588     53.296331      5700.0         4.55163002     
 TIC 285019418       158.470313     58.781867      7848.0         None           
 TIC 142810347       163.590581     70.624178      6223.0         4.10434008     
 TIC 147610499       148.619236     69.222851      6730.0         4.05068016     
 TIC 417917644       181.736651     65.556789      3434.0         4.79809999     
 TIC 406758816       161.33543      45.566307      9062.0         3.64305997     
 TIC 318290913       164.236648     53.503606      5420.72998047  4.35384989     

