ID                               RA                                   DEC                                  period（本次工作）/day              period（VSX）/day
双星：
TIC356920361                     273.670824996147                     56.5882411964535                     2.04969973                     1.02387                     
TIC198457457                     261.834402442489                     56.3749758400075                     0.40552317                     0.40346                     
TIC8677671                       137.452512969354                     30.4268946773603                     1.11422873                     1.1159843                     
TIC353854078                     271.141172855226                     58.3984180326767                     5.22874807                     5.16952                     
TIC229687624                     262.988526566939                     57.1784319381145                     0.61745855                     0.617617                     
TIC270491862                     232.342371553862                     67.2120428150284                     0.44921221                     0.4487956                     
TIC302668828                     163.254392715405                     57.7022194952741                     5.49510298                     5.50762                     
TIC229585356                     271.379753723052                     72.0742791179107                     1.40112146                     1.41958                     
TIC198313291                     233.688392278516                     62.2789805621287                     0.30710297                     0.306718                     
TIC147625755                     184.152306047107                     64.8575892513557                     0.67592235                     0.6758375                     
TIC157273321                     198.72686255025                      59.2956675971946                     5.46890866                     5.52                     
TIC233635280                     146.047415379734                     25.3531830425702                     1.40198575                     1.3741845                     
TIC406781370                     170.523507680638                     46.7259841700573                     0.89660306                     0.896686                     
TIC282925798                     226.95900023556                      63.1171046684827                     2.43271577                     2.44405                     
TIC445836238                     187.548635263808                     63.8890328091938                     1.99003607                     2.00072                     
TIC147610499                     148.619236320859                     69.2228507836466                     0.52781604                     0.52885234                     
TIC389916225                     275.772545113333                     58.9035625331461                     0.55104534                     0.5508738                     
TIC82224114                      150.934449036803                     28.2323937562988                     0.37645187                     0.376128                     
TIC202442615                     227.959831318761                     61.8570230316907                     0.34989683                     0.3500671                     
TIC138578906                     175.759461217239                     60.5768630318358                     1.22178065                     1.23472                     
TIC257023157                     225.248863                           73.053198                            0.41537223                     0.415546                     
TIC103656297                     152.677882356161                     67.6588057234833                     0.2881026                      0.2877891                     
TIC445829772                     173.087323923488                     49.7360191166151                     0.41287101                     0.4103887                     
TIC198407749                     258.736639568061                     58.8578894567144                     0.84221147                     0.83803                     
TIC335661706                     217.181149295431                     81.753895140413                      0.39352408                     0.3971                     
TIC55778901                      182.260416456908                     56.031653742561                      0.35487876                     0.354538609                     
TIC453431591                     147.302690459394                     52.1007925371519                     1.00929453                     1.009849                     
TIC160425283                     235.902727139416                     75.2614115483836                     0.2667909                      0.265359                     
TIC406758816                     161.33543046413                      45.5663066575758                     3.05127985                     3.063295                     
TIC270491267                     232.359738249942                     70.1984142858347                     0.39836394                     0.3992862                     
TIC160228595                     181.712582467926                     77.3158139026076                     2.0973597                      2.09223                     
TIC287085893                     253.309756929024                     70.2665846737192                     0.93514391                     0.93511                     
TIC310994603                     203.710116798811                     65.2550355336522                     1.16154312                     0.58062                     
TIC257002707                     223.932512841357                     76.3065822337431                     0.37732326                     0.3773                     
TIC298666271                     278.351503873267                     58.7064850761225                     0.59725615                     0.597419                     
TIC318217844                     142.852687735753                     49.4678928998048                     1.22015683                     1.2223042                     
TIC148917425                     188.370591907252                     69.7882314153199                     1.1201441                      0                               
TIC8769657                       140.368118571888                     33.4329629325703                     0.42656062                     0.42647                     
TIC154067797                     207.48431883467                      66.4744489875379                     0.23661557                     0.23659                     
TIC287095354                     137.483064685823                     54.4882570202183                     0.4790886                      0.478994587                     
TIC459789367                     144.527997576781                     56.0186914004794                     0.6880308                      0.6873801                     
TIC232971368                     199.405884271822                     71.246747205876                      0.46169925                     0.2297                     
TIC236872887                     302.913987583371                     63.5274143338917                     5.02840336                     5.1                        
TIC202426247                     226.457934284186                     64.0472059603655                     4.40540162                     0                              
TIC329289186                     269.188340277364                     52.8656752193909                     0.55220331                     0                              
TIC198280388                     250.274379704122                     60.606208853859                      0.48903075                     0.488412                     
TIC224605072                     255.599173781734                     58.869979951794                      0.66471158                     0.6648647                     
TIC236973844                     304.903030734756                     62.2574432835924                     5.29955078                     5.298036                     
TIC198242678                     249.766582734884                     60.699660489909                      4.68183414                     4.6296238                     
TIC224607716                     255.891801559584                     57.4997819887596                     0.51126423                     0.51081                     
TIC237277760                     299.119876992589                     73.6159772766561                     3.36489491                     3.364012                     
TIC155894704                     176.371708517934                     72.2495368020614                     1.35345842                     1.357456                     
TIC88646716                      135.850525161485                     38.0984992573702                     0.41560273                     0.41498088                     
TIC233532554                     280.44750529355                      62.6763733704042                     2.83428946                     2.8313215                     
TIC198388252                     258.19533854361                      57.0528889369116                     0.39792107                     0.395155                     
TIC229585542                     271.527156734219                     72.5849547703194                     0.5100304                      0.5103685                     
TIC229461186                     295.102629858108                     60.9202745757044                     0.40226673                     0.402674                     
TIC233208885                     266.351894411372                     69.306083284514                      0.49440823                     0.4937                     
TIC150225473                     143.061794643226                     49.8485253899826                     0.41854678                     0.41838                     
TIC202295392                     175.193135297449                     51.9981720328028                     7.31287644                     7.328238                     
TIC142587827                     167.870400482306                     73.115276884898                      0.43832847                     0.439403                     
TIC142783746                     153.902703063037                     76.6983939105617                     6.12729791                     6.1513                     
TIC21499609                      148.940265130094                     37.1950986695                        8.56220674                     8.477985                     
TIC159346490                     236.235710279461                     79.5171446427413                     0.58159075                     0.58253                     
TIC329246824                     263.884669568087                     57.8025182267876                     0.58701122                     0.58772                     
TIC458481461                     233.462749553225                     63.9071407480291                     2.79822314                     2.806847                     
TIC233720276                     276.357738539978                     62.940388176047                      2.2049969                      1.09920594                     
TIC353939279                     272.315130742532                     58.0173989739427                     4.52679362                     2.2632438                     
TIC219750638                     261.112284669394                     64.2066366137329                     0.40854838                     0.407497                     
TIC272781956                     238.24030088594                      68.7249893297454                     1.65063484                     1.65042                     
TIC160492551                     239.460734323238                     77.7935993526353                     0.60863222                     0.60751                     
TIC153991851                     204.736733000904                     69.8031026024168                     0.52483914                     0.52492618                     
TIC55753802                      181.582465521791                     57.1764413600957                     0.41537821                     0.415547                     
TIC154511165                     187.102913026906                     74.2353901423622                     0.8413491                      0.840374                     
TIC329248002                     263.817855760543                     55.0033949595878                     3.23158414                     3.10886                     
TIC202442974                     227.935103414493                     63.6219799258417                     5.46808398                     5.47798                     
TIC198416591                     260.091197575939                     57.9741809435559                     0.33711602                     0.338736                     
TIC8245065                       157.36156012336                      39.7689945500454                     0.32808587                     0.164007                     
TIC330753460                     144.130685251234                     28.3398018293352                     0.37967615                     0.379496                     
TIC359675849                     280.706060233664                     57.8652098077208                     3.59790614                     3.63                     
TIC233207585                     266.001391556488                     70.2588382971246                     0.30812417                     0.308014                     
TIC148963419                     190.061247864781                     66.2859905267421                     0.56789526                     0.5681644                     
TIC232524483                     193.475473735802                     77.2036889165371                     0.37028967                     0.375                     
TIC356896550                     273.119864690062                     54.7813671333883                     1.94194533                     0.95066                     
TIC272759659                     237.671170234505                     66.4286713463734                     2.45410664                     2.4605                     
TIC53479497                      162.075025501839                     52.3082780201501                     0.27104243                     0.2712788                     
TIC377253090                     286.192292                           58.951286                            0.42445816                     0.42454                     
TIC365936982                     180.182830912562                     77.0833961633702                     5.23518741                     5.2218                     
TIC353894978                     271.685973321098                     56.4070563954253                     3.34375033                     3.34181534                     
TIC147576476                     144.543204507712                     70.6321765637883                     2.24087807                     2.21954                     
TIC198408416                     258.913296150883                     58.8644982238934                     0.3647177                      0.364737                     
TIC229793060                     284.719277103882                     69.531289901473                      1.13164248                     1.1232524                     
TIC160472514                     237.705974469604                     72.2112854634019                     6.10330659                     6.16862258                     
TIC302581695                     133.482011577945                     35.5382950638555                     2.04955354                     1.01533                     
TIC377307592                     286.986101370099                     59.397795847705                      1.19537086                     1.1928372                     
TIC446127290                     145.939460374617                     55.9525185328444                     0.33340832                     0.33363749                     
TIC138505004                     157.513310574426                     61.8115085949977                     2.32035277                     2.29926                     
TIC219859691                     257.819404                           69.503026                            0.44547389                     0.44575549                     
TIC199688409                     253.051450226442                     57.7254690748411                     0.86705001                     0.86829                     
TIC298734307                     278.60957977737                      57.8018197868555                     0.94414688                     0.944276                     
TIC155657581                     206.395293725348                     79.3967479665581                     0.36811038                     0.3681414                     
TIC148622555                     154.166677223215                     59.37911128385                       0.63789799                     0.3187                     
TIC67949277                      142.659638875812                     44.7694062429267                     1.78409349                     1.7854                     
TIC390021728                     277.793370193749                     56.4174803715529                     0.30068352                     0.302035                     
TIC424461577                     279.734271912669                     60.3981770091793                     0.74396323                     0.744805                     
TIC356150515                     266.480849952425                     52.6345777495885                     0.61154585                     0.6121                     
TIC356896561                     273.170605468445                     54.7685835617221                     2.26300424                     2.253355                     
TIC232634196                     269.438515156362                     56.1959571190052                     1.25544064                     1.25118702                     
TIC441734144                     258.558159916703                     76.7039749733981                     0.32545376                     0.3254                     
TIC259126645                     291.479391048899                     68.9353213670448                     3.25618521                     3.2613024                     
TIC219109908                     271.376635                           69.754299                            0.42466272                     0.424031                     
TIC392536812                     280.467443624562                     58.056473125928                      0.59115996                     0.4561                     
TIC142791832                     162.258119571478                     67.2145299044215                     6.50888381                     6.541975                     
TIC258351350                     296.510583454716                     69.9191670524257                     0.77311916                     0.772943                     
TIC258773798                     286.177895898528                     66.301988442057                      0.33864886                     0.3364708                     
TIC198354443                     256.129673827745                     57.0727528503737                     0.30700057                     0.3068937                     
TIC372759279                     175.006000474798                     75.1559630488694                     1.23584238                     1.2383832                     
TIC377190161                     285.675104935268                     58.7327574681774                     3.76554411                     3.7863886                     
TIC159298033                     229.489585183753                     83.8594649403654                     1.72387288                     1.7248                     
TIC126325291                     135.481045726792                     26.6896519726613                     0.83142742                     0.82937122                     
TIC160268882                     183.049779385209                     77.6162433473298                     1.27377376                     1.27095                     
TIC359677968                     280.940172256535                     57.9481465563102                     0.61696766                     0.61747                     
TIC288391801                     267.235295644716                     78.1228551557427                     0.38847909                     0.390585                     
TIC219738202                     241.572363436014                     62.7628026946829                     0.58077364                     0.57902455                     
TIC138543573                     158.981920379672                     63.5923368497075                     1.16636351                     1.164708                     
TIC237278994                     299.659091750796                     72.2385810733348                     0.34945634                     0.3429639                     
TIC280033934                     297.58946706991                      70.2876512602732                     0.27932846                     0.27878                     
TIC236901679                     303.923299241119                     65.8536108329023                     1.73578207                     1.7184                     
TIC199716496                     254.391167552351                     59.5310685980902                     1.05183066                     1.04577                     
TIC358613523                     175.102893762966                     80.2359806993476                     1.32945631                     1.32833335                     
TIC188512866                     143.843798001195                     39.9632727447417                     1.67959454                     1.68154                     
行星凌星：
TIC288132261                     209.48505034233                      79.5831895369524                     10.29356724                    0                           
TIC99834717                      165.167425763115                     64.9639847690129                     1.70579907                     1.706291                     
TIC1201247611                    242.891560826145                     63.1421907902039                     0.03451982                     0.034521                     
TIC252479260                     155.681635157909                     50.1283509605951                     3.2171668                      3.21222                     
TIC67666096                      148.643279471745                     40.3880497164344                     2.70641531                     2.70339                     
TIC198537349                     237.124491234624                     62.344350873364                      9.57365182                     0                            
TIC236887394                     303.381740156372                     65.1620808095522                     1.42226733                     1.420033                     
TIC8767448                       140.102976595763                     33.8824166051525                     4.35162799                     4.35298                     
脉动变星：
TIC3941985                       151.931085320674                     23.9917561622067                     0.45574912                     0.4524021                     
TIC154066690                     207.155547917366                     71.4306204565527                     0.48831983                     0.48452                     
TIC105440997                     143.526276437919                     44.0364549894309                     1.95246875                     1.9444                     
TIC103687873                     153.933709226508                     68.9090466153105                     1.01073743                     0.50279                     
TIC232633119                     269.392283474087                     58.7373020345292                     3.39013654                     3.2408                     
TIC29172363                      135.811479225181                     42.1235591074319                     1.50831161                     1.488027                     
TIC258799679                     286.609674989266                     68.4837744482039                     0.11803563                     0.1181533                     
TIC308016265                     150.00712608773                      24.5528050323807                     1.05172541                     1.07172                     
TIC229480487                     295.524850018799                     65.780496212015                      1.2854759                      1.2792                     
TIC441804674                     266.045477566202                     72.0507774364511                     4.54627061                     4.2658                     
TIC357032546                     274.069894827031                     54.1726679387905                     0.45576915                     0.4587                     
TIC137803552                     177.175272205585                     54.7187570142753                     0.09145913                     0.09134218                     
TIC232634683                     269.495547150368                     55.1021847578169                     0.63595842                     0.6374                     
TIC236778955                     282.889793257901                     57.7576201432859                     1.01121492                     1.0238                     
TIC229913521                     287.427531016791                     64.8589261858533                     0.47717843                     0.476497                     
TIC142619583                     171.105623564313                     77.7043414391159                     0.05581406                     0.05581096                     
TIC156198986                     180.822255325134                     80.5618693557361                     0.08626503                     0.086343043                     
TIC280163882                     298.675053584447                     68.9892988687725                     1.12440048                     1.12456                     
TIC103687176                     153.931561853595                     66.0786634255458                     0.59181094                     0.5974                     
TIC288312840                     262.663855360878                     78.931211435438                      0.75770561                     0.75895                     
TIC142848794                     174.485863152031                     67.3297391178305                     0.66697086                     0.66042001                     
TIC86339506                      143.443944398223                     62.8278483146773                     3.41782586                     0                                
TIC357132618                     144.22148060975                      44.0667780793113                     0.08595781                     0.086017069                     
TIC150276417                     161.046994382529                     44.678925937063                      0.20256443                     0.20319389                     
TIC29172806                      135.782444385787                     44.5855896133704                     0.59422398                     0.597434355                     
TIC142962481                     181.140545498139                     66.3365872338658                     3.03843603                     0                               
TIC230086683                     246.784304204707                     66.4373950645344                     0.93951989                     0.9449                     
TIC356822358                     275.18909                            71.337774                            1.70484677                     1.71646                     
TIC147949646                     167.415779804503                     67.2102103044906                     3.41821398                     3.51556                      
TIC302602874                     133.842526769694                     32.7100812416275                     2.99193605                     0.0050692                      
TIC56914404                      139.571584693773                     46.1531426304267                     0.09591019                     0.09586954
耀星：                     
